Mass Radius CentralEnergyDensity
2.50388 12.6606 1.84484e+15
2.5042 12.695 1.76013e+15
2.50382 12.7663 1.67628e+15
2.5012 12.8845 1.59438e+15
2.49612 13.0052 1.51464e+15
2.4882 13.128 1.43701e+15
2.477 13.2526 1.36144e+15
2.46202 13.3785 1.28791e+15
2.44271 13.505 1.21635e+15
2.4184 13.6313 1.14673e+15
2.38834 13.7563 1.079e+15
2.35168 13.8786 1.01311e+15
2.30742 13.9965 9.49011e+14
2.25443 14.1076 8.86662e+14
2.1914 14.2091 8.26006e+14
2.11682 14.297 7.66993e+14
2.02896 14.3666 7.0957e+14
1.92578 14.4114 6.53682e+14
1.80489 14.4233 5.99271e+14
1.66341 14.392 5.46281e+14
1.49776 14.3058 4.94649e+14
1.27186 14.1314 4.44356e+14
0.976073 13.8572 3.95709e+14
0.70235 13.626 3.48526e+14
0.467794 13.6533 3.02517e+14
0.284853 14.6088 2.57419e+14
