EOS  log(p0) log(dyne/cm^2)  Gamma1  Gamma2  Gamma3 rho1 (g/cm^3) rho2 (g/cm^3)  Surface EOS
eosPol0 32.9354 3.86681 2.53976 0.819789 4.36824e+14 1.24866e+15 eosNV 
eosPol1 32.9354 3.47699 1.6119 3.46615 6.306e+14 6.90651e+14 eosNV 
eosPol2 32.9354 3.56538 1.22169 1.4325 7.45776e+14 7.81238e+14 eosNV 
eosPol3 32.9354 3.74691 2.08842 2.72433 5.68954e+14 7.7923e+14 eosNV 
eosPol4 32.9354 3.41385 2.17057 0.790888 7.15182e+14 1.18614e+15 eosNV 
eosPol5 32.9354 2.28 4.76407 1.66103 5.50833e+14 1.01643e+15 eosNV 
eosPol6 32.9354 3.76383 2.14916 4.45586 3.96653e+14 1.22395e+15 eosNV 
eosPol7 32.9354 3.09585 2.50464 1.30516 7.91412e+14 1.50949e+15 eosNV 
eosPol8 32.9354 2.77184 4.93827 2.81808 8.962e+14 1.04009e+15 eosNV 
eosPol9 32.9354 3.05138 2.81047 4.32362 6.48543e+14 1.31751e+15 eosNV 
eosPol10 32.9354 3.87519 1.93945 2.66539 4.94117e+14 1.10549e+15 eosNV 
eosPol11 32.9354 2.98717 3.14791 3.28477 1.19728e+15 1.39647e+15 eosNV 
eosPol12 32.9354 2.93076 2.87236 1.36684 8.24862e+14 1.55629e+15 eosNV 
eosPol13 32.9354 3.27518 2.6639 2.9892 1.12538e+15 1.40923e+15 eosNV 
eosPol14 32.9354 3.5397 2.90433 2.40927 6.21773e+14 7.20453e+14 eosNV 
eosPol15 32.9354 2.73543 3.50712 2.20243 4.56764e+14 1.07634e+15 eosNV 
eosPol16 32.9354 2.98506 3.72506 2.80018 5.95133e+14 6.82498e+14 eosNV 
eosPol17 32.9354 3.02747 2.69151 0.828244 1.48672e+15 1.67115e+15 eosNV 
eosPol18 32.9354 3.26144 2.1761 3.93841 5.30677e+14 9.61639e+14 eosNV 
eosPol19 32.9354 3.02308 2.77288 3.85459 1.27996e+15 1.7566e+15 eosNV 
eosPol20 32.9354 3.2192 2.7076 2.99631 9.25664e+14 1.21002e+15 eosNV 
eosPol21 32.9354 2.88215 2.94765 0.834303 1.36514e+15 1.71912e+15 eosNV 
eosPol22 32.9354 2.81075 3.02878 3.23057 4.65494e+14 1.52134e+15 eosNV 
eosPol23 32.9354 2.90417 6.17885 2.95591 1.34954e+15 1.39029e+15 eosNV 
eosPol24 32.9354 2.94557 3.94791 3.37956 5.80526e+14 8.18727e+14 eosNV 
eosPol25 32.9354 3.22349 2.58498 1.70738 7.30391e+14 1.29508e+15 eosNV 
eosPol26 32.9354 2.752 6.40133 3.71549 3.60965e+14 4.1186e+14 eosNV 
eosPol27 32.9354 2.49912 5.88283 2.20516 3.76806e+14 5.53761e+14 eosNV 
eosPol28 32.9354 2.78467 5.29897 2.65847 1.11266e+15 1.22195e+15 eosNV 
eosPol29 32.9354 3.24931 2.82721 2.476 3.81343e+14 1.07686e+15 eosNV 
eosPol30 32.9354 2.92247 3.29579 2.28145 6.71622e+14 1.01273e+15 eosNV 
eosPol31 32.9354 2.98771 4.36967 2.57467 1.08351e+15 1.1061e+15 eosNV 
eosPol32 32.9354 3.82323 2.68397 3.5325 4.35858e+14 4.41005e+14 eosNV 
eosPol33 32.9354 3.12665 2.52499 1.27059 1.02738e+15 1.45898e+15 eosNV 
eosPol34 32.9354 2.67131 3.39415 0.624429 5.3951e+14 1.31198e+15 eosNV 
eosPol35 32.9354 3.0352 2.78269 2.34285 7.75093e+14 1.29125e+15 eosNV 
eosPol36 32.9354 3.37652 3.42073 1.01362 9.10848e+14 9.49027e+14 eosNV 
eosPol37 32.9354 4.12088 2.18896 2.17804 3.94461e+14 4.24649e+14 eosNV 
eosPol38 32.9354 3.17222 3.52938 2.5341 4.08699e+14 6.09723e+14 eosNV 
eosPol39 32.9354 3.10157 3.05897 2.10979 5.44326e+14 1.26148e+15 eosNV 
eosPol40 32.9354 2.86042 3.15111 3.24989 4.21424e+14 9.63614e+14 eosNV 
eosPol41 32.9354 3.5306 2.8625 0.854311 5.28883e+14 9.25542e+14 eosNV 
eosPol42 32.9354 3.98091 0.187772 3.62414 5.85785e+14 6.91522e+14 eosNV 
eosPol43 32.9354 2.63056 4.62481 3.36008 6.43456e+14 7.62491e+14 eosNV 
eosPol44 32.9354 3.31588 2.75801 2.00804 9.12016e+14 9.64385e+14 eosNV 
eosPol45 32.9354 2.97268 2.68044 1.06948 1.5949e+15 1.70361e+15 eosNV 
eosPol46 32.9354 2.91212 3.19608 2.64013 1.48352e+15 1.56624e+15 eosNV 
eosPol47 32.9354 2.9037 3.12193 3.045 7.90736e+14 9.23895e+14 eosNV 
eosPol48 32.9354 3.5033 2.436 2.64184 4.51266e+14 7.61847e+14 eosNV 
eosPol49 32.9354 3.05263 3.21671 3.09438 7.15517e+14 1.04137e+15 eosNV 
